peaks
75140
75432
75723
76018
76310
76605
76905
77203
77504
77806
77933
78101
78384
78695
78983
79283
79589
79886
80172
80466
80752
81039
81324
81597
81885
82186
82477
82786
83094
83392
83695
83997
84296
84606
84915
85216
85525
85836
86136
86441
86746
87050
87360
87658
87962
88260
88553
88853
89151
89443
89746
90045
90341
90650
90942
91239
91542
91834
92129
92423
92713
93005
93298
93583
93882
94178
94463
94763
95063
95358
95660
95957
96258
96564
96874
97006
97181
97480
97789
98092
98405
98535
98703
98995
99302
99598
99906
100210
100508
100818
101125
101423
101737
102051
102350
102661
102979
103279
103589
103893
104191
104497
104791
105095
105403
105530
105703
105991
106286
106587
106889
107188
107491
107789
108093
108396
108689
108988
109286
109576
109869
110168
110450
110741
111031
111325
111626
111916
112214
112508
112811
113106
113402
113711
114007
114306
114616
114908
115208
115514
115802
116101
116401
116691
116987
117279
117578
117882
118180
118484
118781
119086
119396
119695
119996
120299
120595
120898
121195
121484
121781
122078
122375
122677
122974
123273
123576
123875
124166
124468
124767
125055
125354
125663
125962
126267
126570
126873
127176
127477
127790
128088
128388
128686
128987
129285
129578
129881
130176
130477
130783
131077
131374
131667
131966
132255
132550
132852
133145
133442
133733
134031
134326
134619
134919
135209
135508
135801
136094
136390
136677
136971
137258
137555
137848
138139
138433
138719
139010
139144
139302
139574
139869
140157
140447
140738
141008
141272
141532
141789
142045
142197
142438
142705
142973
143224
143476
143726
143976
144235
144388
144624
144884
145142
145414
145690
145959
146239
146526
146804
147088
147375
147649
147934
148221
148494
148780
149058
149345
149625
149913
150205
150485
150775
151063
151338
151622
151905
152186
152473
152758
153049
153331
153621
153912
154192
154487
154771
155058
155348
155627
155915
156201
156482
156768
157053
157336
157626
157904
158186
158476
158761
159051
159340
159622
159752
159917
160179
160464
160762
161048
161343
161630
161924
162228
162517
162810
163098
163378
163673
163972
164259
164558
164855
165143
165440
165739
165845
166025
166290
166570
166840
167126
167262
167420
167680
167960
168247
168521
168803
169094
169372
169663
169953
170229
170514
170792
171081
171370
171485
171658
171931
172206
172496
172804
173092
173386
173673
173952
174243
174527
174798
175078
175360
175630
175915
176208
176481
176768
177060
177335
177626
177916
178195
178497
178808
179099
179399
179700
179991
180287
180585
180878
181165
181461
181763
182057
182355
182650
182939
183226
183507
183798
184094
184378
184668
184966
185259
185561
185855
186144
186439
186736
187026
187325
187620
187919
188228
188520
188819
189117
189233
189409
189686
189973
190254
190548
190843
191126
191420
191707
191997
192292
192578
192873
193173
193464
193764
194070
194362
194662
194964
195096
195259
195539
195843
196128
196424
196706
196987
197281
197569
197862
198156
198433
198723
199009
199282
199558
199836
200109
200388
200663
200947
201238
201523
201801
202087
202375
202650
202939
203229
203519
203824
204108
204398
204691
204974
205262
205541
205830
206121
206409
206706
206987
207279
207578
207869
208172
208479
208770
209072
209380
209675
209975
210265
210559
210854
211140
211434
211718
212009
212303
212598
212898
213188
213480
213769
214059
214356
214645
214938
215223
215507
215790
216070
216359
216638
216923
217207
217486
217776
218060
218345
218631
218910
219201
219490
219783
220081
220368
220669
220960
221260
221555
221841
222136
222427
222725
223026
223316
223610
223903
224187
224479
224766
225059
225353
225635
225922
226210
226492
226783
227065
227343
227629
227898
228162
228427
228680
228945
229194
229450
229715
229982
230272
230564
230849
231155
231469
231760
232061
232364
232645
232937
233240
233543
233672
233855
234145
234435
234736
235041
235329
235632
235940
236067
236234
236527
236843
237137
237434
237726
238004
238290
238588
238872
239167
239458
239742
240030
240315
240596
240878
241159
241443
241744
242051
242346
242646
242943
243239
243542
243821
244108
244403
244680
244974
245269
245563
245868
246168
246475
246787
247084
247387
247691
247973
248267
248563
248837
249125
249416
249707
250014
250125
250310
250592
250901
251198
251508
251817
252102
252403
252708
252993
253295
253602
253742
253895
254168
254444
254712
254997
255294
255573
255875
256176
256456
256752
257049
257327
257623
257916
258194
258487
258617
258786
259052
259339
259622
259899
260189
260479
260769
261082
261393
261694
262004
262297
262589
262879
263156
263450
263756
264040
264339
264643
264931
265244
265579
265885
266206
266540
266839
267162
267487
267791
268113
268436
268735
269047
269355
269633
269927
270206
270495
270789
271086
271366
271664
271962
272241
272536
272844
273142
273428
273730
274038
274166
274325
274605
274900
275173
275470
275770
276051
276355
276660
276959
277265
277564
277850
278152
278447
278728
279018
279303
279580
279870
280144
280433
280730
281012
281311
281617
281904
282205
282501
282791
283086
283366
283647
283946
284231
284347
284523
284811
285105
285394
285703
285972
286235
286478
286724
286959
287192
287424
287657
287907
288193
288500
288808
289107
289392
289706
290037
290376
290703
291026
291344
291645
291959
292286
292615
292941
293292
293629
293946
294269
294587
294873
295177
295483
295768
296069
296376
296638
296899
297146
297391
297632
297876
298133
298427
298728
299027
299337
299666
299995
300326
300663
300995
301319
301616
301899
302162
302420
302667
302911
303153
303412
303712
304023
304353
304692
305029
305368
305685
305998
306314
306622
306933
307251
307566
307873
308183
308497
308802
309112
309429
309743
310057
310370
310673
310977
311103
311281
311566
311877
312186
312481
312783
313084
313385
313674
313942
314205
314460
314725
314998
315294
315622
315930
316244
316559
316855
317164
317471
317763
318065
318371
318670
318976
319283
319583
319892
320198
320477
320771
321072
321360
321667
321974
322270
322580
322891
323185
323490
323801
324090
324398
324716
325012
325319
325631
325919
326219
326524
326809
327107
327410
327686
327967
328247
328517
328811
329113
329400
329701
330006
330298
330607
330912
331207
331510
331823
332125
332437
332753
333058
333371
333694
333997
334313
334627
334930
335235
335534
335827
336124
336411
336699
336993
337287
337572
337872
338181
338308
338475
338765
339073
339370
339681
339988
340274
340565
340858
341136
341428
341724
342011
342308
342619
342911
343210
343510
343801
344093
344382
344667
344969
345281
345572
345883
346201
346503
346815
347127
347426
347735
348040
348328
348628
348928
349208
349506
349813
350097
350393
350694
350979
351280
351580
351863
352158
352458
352743
353040
353339
353619
353900
354180
354451
354737
355033
355318
355627
355941
356238
356552
356867
357161
357465
357771
358057
358358
358668
358942
359222
359513
359794
360097
360407
360700
361010
361320
361606
361898
362189
362463
362742
362998
363245
363490
363743
363994
364272
364559
364819
365079
365344
365613
365898
366194
366488
366792
367098
367394
367710
368035
368347
368669
369000
369314
369637
369953
370248
370551
370850
371144
371447
371737
372036
372335
372624
372924
373219
373497
373787
374081
374366
374667
374967
375253
375559
375861
376127
376392
376642
376905
377171
377450
377746
378042
378341
378655
378956
379251
379563
379879
380182
380506
380823
381129
381446
381768
382079
382395
382700
382998
383305
383591
383887
384181
384462
384757
385047
385324
385614
385888
386174
386472
386748
387028
387278
387536
387778
388019
388260
388503
388776
389068
389343
389634
389932
390220
390520
390832
391135
391435
391746
392060
392170
392357
392649
392947
393241
393553
393873
394181
394493
394808
394940
395109
395410
395728
396024
396332
396637
396928
397224
397525
397813
398117
398436
398737
399053
399366
399662
399971
400273
400561
400859
400992
401162
401432
401725
402021
402304
402599
402905
403199
403508
403824
403952
404125
404414
404721
405014
405323
405641
405939
406253
406569
406698
406872
407166
407473
407762
408057
408350
408635
408928
409226
409511
409807
410108
410392
410689
410992
411280
411580
411888
412183
412494
412806
413102
413406
413713
414002
414297
414600
414891
415195
415498
415792
416098
416399
416683
416970
417261
417540
417831
418127
418404
418685
418969
419248
419539
419836
420117
420415
420716
420999
421301
421606
421896
422198
422501
422794
423094
423395
423684
423984
424285
424411
424573
424846
425131
425402
425681
425961
426231
426516
426810
427092
427387
427682
427966
428267
428569
428853
429145
429437
429715
430000
430293
430572
430860
431152
431433
431733
432034
432319
432616
432916
433200
433497
433802
434089
434385
434682
434969
435266
435562
435844
436131
436419
436700
436990
437283
437562
437854
438148
438431
438730
439025
439304
439599
439894
440175
440468
440767
441052
441353
441657
441945
442243
442542
442829
443128
443420
443701
443988
444119
444278
444546
444830
445114
445389
445681
445975
446260
446565
446872
447167
447467
447773
448064
448362
448661
448942
449236
449538
449827
450125
450425
450705
450996
451288
451572
451866
452163
452448
452746
453047
453332
453623
453916
454191
454479
454777
455058
455348
455638
455919
456207
456491
456769
457063
457361
457648
457948
458248
458375
458539
458816
459107
459388
459681
459974
460255
460549
460845
461121
461402
461687
461958
462242
462528
462798
463084
463369
463645
463933
464231
464512
464808
465101
465377
465664
465957
466236
466370
466529
466809
467090
467383
467687
467982
468293
468602
468890
469186
469485
469772
470069
470374
470664
470962
471259
471547
471842
472137
472414
472700
472993
473270
473565
473864
474151
474445
474743
475026
475319
475619
475905
476197
476495
476783
477081
477375
477649
477935
478224
478503
478800
479101
479391
479697
480006
480299
480612
480926
481219
481523
481831
482121
482423
482723
483009
483307
483604
483889
484184
484486
484775
485071
485370
485651
485946
486250
486539
486831
487114
487384
487667
487952
488226
488518
488822
489114
489418
489724
490015
490318
490614
490896
491185
491476
491753
492039
492331
492614
492910
493209
493493
493794
494094
494383
494682
494983
495268
495573
495872
496163
496461
496753
497034
497330
497629
497911
498209
498510
498797
499098
499401
499685
499981
500284
500567
500857
501147
501424
501709
501999
502278
502566
502858
503135
503426
503719
504001
504294
504594
504878
505168
505460
505743
506032
506327
506609
506902
507200
507483
507774
508070
508353
508644
508941
509227
509526
509829
510117
510416
510722
511010
511300
511588
511866
512151
512440
512720
513016
513309
513594
513896
514195
514479
514777
515079
515364
515662
515962
516248
516547
516838
517113
517395
517679
517953
518241
518534
518815
519106
519402
519684
519975
520263
520540
520834
521127
521398
521680
521966
522240
522531
522833
523128
523431
523743
524039
524348
524661
524957
